24 10        
-88 -55 -4 -3 -31 -57 29 53 -54 -45
38 78 -59 -41 -74 -27 53 23 -53 0
60 -62 -18 -69 -48 -11 -12 -100 57 60
96 4 81 -42 89 -43 53 -67 75 -15
86 -53 -16 -26 -53 1 92 -75 -15 -81
-19 39 -56 12 72 -65 14 94 -84 -63
96 -77 -38 -92 52 83 71 10 -14 -42
-40 39 26 -27 -99 82 -87 84 -9 83
42 97 84 65 60 42 -26 57 2 33
9 24 80 100 -93 28 -8 55 -40 -28
26 62 0 14 11 23 -62 93 13 -53
68 -15 -97 -7 -23 17 66 -79 -89 31
60 52 55 17 77 91 -5 -39 -65 96
14 46 -39 -9 6 48 55 -76 96 35
-2 10 42 -24 76 88 80 -65 -37 -35
-20 -15 57 77 82 56 97 -15 17 -64
74 -19 30 58 48 -28 -79 79 -88 -16
13 -61 -63 46 76 10 -52 54 75 -29
-23 85 -58 48 83 -25 76 45 -57 -78
19 -44 -28 -93 18 -72 -33 -92 33 -25
-11 12 35 -13 -1 -7 48 -41 51 33
48 -57 60 -23 54 9 -57 -99 -76 64
36 76 72 98 -63 -43 48 -74 22 -84
34 -3 -27 -37 -62 -68 -8 70 -95 3

