168 80
68 -87 47 77 20 -26 -35 -29 95 7 4 -44 -6 51 71 -82 -61 -8 -4 83 84 -53 -77 -78 -48 61 -89 -50 -3 -93 11 31 0 35 -30 65 46 -83 -34 -82 59 -99 82 -21 -72 -32 -33 -92 42 52 -53 98 -98 -20 -45 -78 70 39 -71 27 36 95 -29 81 -43 -60 -46 86 -76 -84 -55 -98 4 75 -32 -100 -48 76 -67 20
17 -65 18 51 43 -44 -100 -60 -21 36 99 -66 -80 13 -10 -79 1 -81 22 -30 -21 -64 39 -32 25 -57 55 -15 -28 28 -55 15 9 88 -17 61 13 -82 3 79 -27 -27 -91 -94 -25 48 57 97 -12 84 -54 -88 74 -60 25 -90 14 35 -1 -14 -46 23 -34 -35 26 -92 -21 -26 -33 -89 55 32 53 -10 93 76 16 9 -6 -37
51 -27 19 13 31 -57 -69 -17 47 -21 -39 -66 100 0 -94 61 -62 10 -36 -90 58 35 -22 -79 -52 74 33 58 60 59 -34 -36 -21 -13 81 -92 -36 90 -68 38 -47 -99 47 3 -65 -30 57 -49 -12 -65 -90 -97 -46 5 -10 -36 -93 70 -48 53 -22 72 79 -52 -6 7 75 -3 53 25 -43 -76 51 84 -9 3 -47 64 89 -26
50 40 42 39 72 -28 18 36 -56 58 -40 -80 77 48 -92 -89 -81 -68 -75 -4 -86 54 92 69 70 31 82 18 -81 -17 52 -84 97 -18 75 3 36 -55 83 -1 86 35 64 55 -18 7 -8 -77 28 -88 22 -33 -82 -70 -39 -19 -88 -1 30 73 -58 -84 -22 -61 -83 5 -62 100 53 3 72 -82 59 2 85 -58 -26 -45 -44 -35
38 37 99 -55 -31 -32 40 68 -31 -47 -9 58 -55 -57 -22 33 -99 97 -60 42 -98 -2 69 39 91 69 83 10 1 -75 39 -63 -25 25 82 -85 -47 4 24 -90 -4 3 -36 -99 23 -100 -66 -58 40 -58 -32 -74 -48 -73 -54 52 62 -65 40 -52 85 -36 -7 26 77 -61 61 0 -53 -29 -35 -22 -8 68 -64 86 -21 59 -46 -50
-35 82 94 98 -4 48 -40 -95 -16 -69 -44 53 -77 -24 13 -100 38 -20 65 12 -54 46 36 77 -34 -77 39 -70 -3 -5 -22 -36 -19 -73 -71 91 -17 19 99 63 89 25 -83 -44 -72 6 -98 6 -13 -37 61 -75 44 31 7 100 6 46 -41 -72 98 45 65 -66 34 73 47 -59 -48 3 -60 37 -43 -24 -24 87 70 51 -67 5
-13 95 -18 43 68 -68 83 84 -39 43 -63 -49 8 47 -69 75 80 -45 16 -80 -22 -61 -3 -37 -17 -93 -82 -19 -61 -27 -59 -85 68 -88 -68 -58 -54 97 67 63 -66 -59 -15 39 59 52 -29 -60 -59 -7 -22 40 -4 -60 41 32 51 -65 91 -20 -39 -29 -78 -100 15 64 -79 -25 8 -85 17 96 48 67 64 12 -74 -99 -39 -41
-100 -84 45 -4 -92 -32 -49 -39 -17 44 69 45 91 -90 32 -62 -61 -2 -17 -78 -30 -69 -70 -88 -33 5 71 -19 25 77 98 58 -76 100 -47 -41 55 -93 63 -67 -26 97 -19 92 -64 -17 -90 -57 -86 65 -44 -31 47 21 -25 71 28 31 -69 60 48 -33 -66 2 90 3 -39 -12 76 -15 18 69 17 0 -57 56 89 -90 -8 -75
52 -57 5 54 5 63 98 -46 57 55 -60 81 94 -98 15 -74 -81 1 -53 12 32 -12 -19 -80 15 -49 -4 -82 -20 78 -74 -53 -76 56 92 4 44 -95 31 78 95 70 74 80 -53 98 -90 -1 -40 23 -29 3 -51 -88 43 76 -72 -57 -16 -95 81 84 -97 53 99 18 71 30 -62 32 -59 -74 58 50 -31 84 49 57 6 -50
12 -75 -61 49 -22 -28 -78 38 65 -82 -86 -77 78 -68 -69 19 -56 14 56 -58 34 -17 -34 -42 38 61 53 -30 86 -87 76 -64 73 -53 -64 60 -28 99 -53 9 -45 19 85 -43 78 -100 21 -73 29 27 -91 -18 66 25 4 5 62 -81 -45 47 9 66 -65 -52 94 23 -63 -40 63 24 -48 47 -85 5 -42 -96 54 -10 50 -91
-78 -44 60 -13 -66 -83 1 96 1 -48 -9 -5 73 -68 39 -5 3 -42 37 34 -73 -22 -56 1 2 81 -80 -88 -40 37 -39 -77 -1 15 42 18 -99 -4 -96 49 -80 3 -78 -33 -43 -92 -89 -85 31 97 -86 -99 8 18 75 -7 -56 89 10 -58 17 -38 -6 73 -33 98 -45 -75 63 -12 53 -96 82 100 71 78 -54 -8 21 16
84 -16 -90 -25 -65 42 3 57 30 49 -49 25 -34 -61 -71 2 13 14 23 -49 -19 57 -93 -93 -38 -40 80 -45 35 -60 -12 92 23 -72 83 61 41 -81 -8 83 98 25 95 -77 53 11 75 -51 -23 80 -78 -53 11 -87 -24 -32 89 -78 -62 -38 -75 -10 -12 35 -24 92 99 33 43 -84 11 -80 -95 20 70 -15 55 79 -65 -41
10 -98 7 36 2 93 -63 -95 9 33 30 21 -61 -14 -51 5 94 30 43 -70 -66 -51 -8 -90 91 -91 4 -1 64 93 -2 -45 -46 84 -36 -91 49 100 -94 17 61 39 -58 -67 91 -97 -74 52 -81 98 -61 12 69 -60 85 41 -69 87 23 100 67 -58 -6 -58 -60 60 -86 75 50 -87 -95 -79 63 -40 99 98 -73 -81 -32 -48
-93 83 50 54 -68 78 -55 -41 52 -54 65 10 -11 86 -84 37 -71 -85 79 -74 16 67 -85 -78 8 -13 38 -34 -91 41 78 83 86 -94 -87 56 -28 76 -27 10 -63 78 -85 -48 -71 -72 -70 -78 48 87 22 -24 -49 -49 55 -6 31 50 -2 64 77 66 1 -63 14 -61 -70 -10 47 -90 -56 -59 -30 49 46 82 61 11 -81 -95
-28 -78 20 38 -49 -97 60 60 1 70 -75 90 32 58 68 59 99 65 33 -52 41 -36 -80 -78 -24 -47 -16 -59 -49 -63 77 26 -39 -63 23 -68 -86 26 -32 -84 25 57 95 -5 -2 23 -31 -47 -71 -71 -1 -88 -45 -61 -85 36 -58 45 -74 -89 -40 -78 -60 86 97 30 -64 -50 30 16 34 -1 21 -72 69 -54 55 94 83 65
68 -10 -20 -40 -90 -56 1 -73 -37 40 -47 32 -46 19 11 72 -72 32 -34 -46 20 7 12 85 24 82 30 46 -71 -7 90 -58 -8 -91 76 -75 95 97 -53 -1 46 -93 24 -29 -50 -47 61 -99 34 15 -42 -45 52 11 -81 -75 -89 0 -49 29 -41 98 73 45 49 -34 31 96 40 44 75 90 10 -82 -13 21 11 58 62 -75
-20 -47 -43 -3 -16 -54 13 -7 -49 -87 -79 17 -48 -98 -74 -8 31 -69 34 -91 36 16 24 68 -77 -76 -91 -96 -76 26 -4 73 91 90 9 5 39 57 38 84 -71 3 80 100 -75 57 80 -39 -86 98 -90 -73 85 6 11 15 -85 90 81 -19 -15 100 -86 44 76 21 26 21 10 53 -91 37 -16 -6 22 -14 65 5 -96 -10
84 83 52 -19 -28 55 82 -57 44 80 -68 -22 -45 99 -79 -78 10 29 52 -44 65 -15 64 -17 28 78 -72 -40 -78 89 -78 88 -16 -73 67 -8 57 96 97 -86 98 51 -8 23 2 -60 -17 -3 -48 98 58 94 -66 56 -57 -94 -28 34 -24 89 62 -3 10 16 -82 10 -93 -20 94 -51 -70 -42 42 13 -31 44 7 -25 -35 85
-40 44 71 -26 -22 -81 63 -67 92 61 33 83 1 73 -7 -11 -53 51 -85 -2 -3 52 55 49 -29 32 -97 -51 84 -80 32 -91 55 -62 63 61 19 -38 54 -82 24 47 57 -56 78 -80 -62 -27 -8 -13 -90 2 41 -72 -44 46 -73 -29 -53 19 -62 4 -25 -41 53 21 35 9 49 52 -62 84 -25 -45 96 -35 -85 -81 -22 51
-84 60 1 -19 -52 -70 -30 92 0 -57 -14 64 38 -89 -56 -34 72 12 -94 73 -41 -84 -6 40 98 -90 29 73 30 -31 -73 51 -29 7 68 41 -81 52 -63 -89 -10 26 85 32 -58 -26 -21 80 -65 27 -45 71 -7 -45 -77 -98 43 77 -25 58 -1 -69 68 79 3 7 -86 -39 -4 -4 87 1 -99 -67 -87 -53 90 -67 -82 7
89 -95 15 -39 60 -86 -64 -10 76 -16 -82 76 -96 -29 31 -72 47 79 38 62 -61 71 8 -8 67 -4 -27 -17 -91 3 -74 62 -27 -10 40 -7 -38 -1 -42 -2 -43 -4 35 87 82 -97 -33 -51 36 93 36 18 -5 13 54 45 51 -69 55 -85 94 1 79 73 -17 -93 3 -93 74 2 -77 -97 -12 20 -70 -60 -74 19 89 33
-31 55 58 -71 -99 -80 -84 8 -72 62 8 37 -87 95 5 90 -30 34 -20 -86 51 -14 -95 57 62 -28 40 22 -78 -55 67 -80 13 -44 9 3 -70 60 50 -25 41 38 -27 44 -3 12 -46 98 -68 -81 57 -69 -78 -100 -36 88 33 -86 52 -71 -41 -86 73 52 33 -54 -95 98 69 70 48 -35 -88 98 57 -40 -13 95 -85 -72
-92 -55 59 -99 34 40 85 68 5 -59 42 5 -46 -33 -43 -82 76 -24 99 81 -44 -23 -53 56 -2 -31 44 75 -6 20 -95 98 78 89 55 -31 -39 81 -38 -58 -3 70 -51 -27 50 -71 -2 48 -4 69 -28 48 95 75 100 92 4 25 -7 -69 53 -81 -60 8 96 -33 55 -31 23 -4 -68 -51 -6 -51 -12 46 29 -5 -63 -70
35 -30 -10 -11 94 64 -23 -4 -54 -53 67 -100 65 71 51 23 2 95 -60 -9 -71 96 -97 28 -9 -10 39 -23 -41 -51 60 54 68 16 95 -74 82 -39 2 20 -14 69 -68 -48 80 -41 -73 -4 16 -23 -83 14 96 -66 -44 -16 -32 -10 -17 -64 0 -89 29 -55 39 -93 -59 17 10 -1 65 44 -15 -49 -59 44 -95 -79 31 76
33 -52 35 -67 -2 77 10 73 10 52 16 -15 -93 38 -93 1 7 -3 46 -69 11 -36 -58 -28 53 -80 -15 84 83 15 2 -20 28 18 17 -64 27 -33 59 80 -49 43 47 2 -58 -93 45 -9 99 7 -4 -16 92 80 -13 -60 -13 -13 -86 -97 86 50 -98 82 -96 -1 -76 -69 -12 -63 -30 6 -42 -9 61 50 -3 57 -78 -55
-54 -4 -14 24 44 -85 -5 8 72 -91 -42 -20 -55 -16 -18 -21 30 89 -73 9 45 -51 -6 -85 29 57 97 -75 12 -66 -55 -90 63 -11 -83 11 70 69 5 -51 -3 -20 -8 -30 84 -71 -67 -91 23 21 -50 22 -98 -15 -42 -32 -53 -54 -94 -95 47 6 -28 -16 -14 -98 -47 92 -74 -88 20 1 -39 16 50 18 68 -85 -84 17
-59 -16 -77 30 -72 8 -63 85 65 -53 -100 46 -24 -49 -51 -15 -6 -44 98 -36 -22 20 54 -81 66 65 -9 68 -57 -89 18 -11 11 46 88 5 -32 86 70 -63 -20 5 10 -56 59 47 -42 -14 -61 -85 35 82 -83 69 37 11 -6 -64 -61 99 -13 -38 71 68 23 35 25 46 -64 -79 65 34 -9 -60 -6 -88 -62 -43 -78 92
-60 -63 -29 -79 39 -29 89 -5 -76 38 -66 4 -60 -26 15 -25 -36 67 21 -46 46 -12 21 46 8 12 40 -58 -13 -60 56 -73 -21 -41 53 -26 -70 56 -91 92 38 57 65 29 -64 12 46 -92 -68 55 -83 -50 -32 64 90 22 -22 39 -73 -93 31 72 -4 -37 39 95 -26 96 -40 77 -4 -78 -4 -29 35 41 -49 -44 11 56
74 -7 -73 -15 28 -50 -36 -79 -61 52 61 11 88 9 87 -45 36 68 30 64 -52 -65 70 70 36 88 58 -40 77 73 38 -90 48 -97 26 -67 -15 29 46 18 77 -65 47 -22 4 89 -43 83 20 88 -66 -62 -5 66 -79 -52 10 -95 96 30 29 -13 -64 21 -56 -32 -61 81 93 -82 -61 2 65 49 19 14 -8 -62 -1 30
24 -54 43 -17 -3 -13 40 90 89 7 57 69 -86 -90 -43 13 -95 -94 -93 2 -80 -5 -75 7 1 94 68 3 -13 -63 32 66 -44 -5 63 -24 7 15 97 79 -10 5 -41 16 -10 -7 -49 26 -25 80 -29 -98 -52 63 100 -10 24 72 26 17 -2 54 28 -39 -86 63 -51 -91 33 -83 14 -90 26 31 -49 39 -66 -42 93 -33
87 70 39 77 16 64 -89 -70 -34 64 8 50 -81 84 -73 79 21 57 -83 21 -50 -55 25 -54 -11 28 48 -60 11 -6 -64 46 -9 -76 43 -69 77 74 -9 -32 96 53 56 53 5 -22 -77 93 36 40 -70 5 51 -67 26 -43 -37 -70 -24 85 69 93 15 16 25 18 -33 75 -89 -7 57 -39 85 -54 -70 30 -41 3 19 80
-98 -80 65 0 -89 -12 -98 50 -26 48 65 -95 50 -24 36 62 37 41 31 -1 56 66 -46 24 58 84 1 -57 -74 -1 83 -88 -56 0 -18 -82 28 -80 99 -5 -40 4 -15 -23 -15 33 26 -50 -20 -30 -83 -8 98 -82 21 23 19 97 100 -65 81 58 31 -81 -79 -95 11 35 11 45 75 23 -85 -55 -91 -61 74 71 1 -57
36 49 -97 -50 17 -92 75 13 92 -70 94 46 3 39 59 58 -3 22 -45 60 -82 9 92 69 18 -57 -66 73 82 76 97 -63 -56 -31 90 -85 -60 20 14 54 -28 10 85 -13 23 -31 21 -80 -43 46 -60 51 92 9 64 -14 -6 68 -81 -10 36 -57 65 -36 96 -26 36 -82 -97 -71 21 -23 41 -13 -80 -60 33 75 64 14
-72 -41 29 -100 92 84 88 -78 -93 -11 46 24 -7 37 -97 66 -26 -92 90 -37 97 43 -30 97 3 50 -10 -2 -88 16 46 66 19 -24 -88 42 65 -76 -81 -1 -6 92 60 -49 -63 -15 -70 -33 51 -5 84 50 -81 11 67 78 -75 -15 -76 -90 41 -95 -52 62 7 -15 -89 -64 50 55 -82 39 88 92 -57 1 5 68 86 -24
0 49 -2 -89 -70 10 -70 88 -80 49 65 -8 42 -8 -50 -1 29 -60 70 -79 -32 -61 -37 30 -59 39 -40 -64 -74 -63 -75 17 -32 33 26 45 -63 -13 -49 -5 -48 -82 62 -74 34 81 55 70 65 43 23 -38 80 -29 -52 -96 43 -92 73 -83 8 75 -55 -16 73 31 7 -61 -80 95 26 31 96 -23 58 -21 98 3 -96 4
-32 -7 50 -20 -51 62 44 -42 7 8 -3 74 50 -89 90 -52 8 7 -71 10 -65 87 -78 -2 -82 60 71 -13 23 -10 21 26 94 -10 64 -66 -95 39 18 -87 -10 -76 46 -9 5 -29 11 -24 72 -59 45 59 -5 33 -65 85 -62 31 66 -57 70 -99 -96 -23 47 -48 75 48 -94 3 96 30 39 -57 -96 -61 34 -35 -94 -94
-83 -58 39 -20 6 16 -40 11 81 98 48 52 30 20 13 -92 -61 59 53 80 30 -78 -9 41 94 -46 73 4 100 75 41 18 -43 8 97 -38 -14 -7 45 12 -1 -94 6 0 -31 -27 -31 19 39 44 -56 -1 6 -33 -26 -9 -19 58 74 47 -91 71 17 9 -66 -47 -49 -6 100 -50 56 56 9 -21 -39 44 17 21 3 -77
34 71 18 61 10 31 25 -95 -91 -31 55 -57 81 19 97 82 -18 -3 -11 -55 88 -70 -26 -98 -34 -29 -21 -80 -85 57 -60 3 -78 18 82 35 33 -78 -19 -76 -72 -53 94 38 84 -66 43 -75 80 52 67 72 15 -87 77 -79 54 -15 -66 -92 48 -18 3 64 79 -71 8 -82 62 70 -7 -20 -64 10 -40 -77 -83 -44 6 87
19 76 -64 7 45 8 78 57 -19 80 -57 24 55 36 -16 61 -57 -60 29 30 -89 -66 -50 -70 -38 26 40 -19 -58 -40 -27 -89 -97 -16 14 -49 49 -64 -21 -13 -24 -66 40 -70 98 12 70 -100 -87 28 -8 -61 -84 99 -6 -13 56 -6 71 -26 96 46 57 51 -76 -13 1 -35 -66 -29 52 70 21 -58 -58 49 43 89 -22 66
69 1 0 86 42 16 -76 -70 87 -89 23 -15 -83 -45 -83 -29 8 55 9 -98 82 39 -22 -38 69 94 -73 29 -15 -89 -36 -84 8 -87 -45 -74 -76 -62 9 -24 6 -99 13 -69 8 46 22 89 67 -32 -60 -76 100 -59 46 -87 -97 78 -87 93 -25 78 85 -66 -28 15 -23 38 34 -12 77 97 -25 -18 -47 -93 21 -79 -74 -87
-41 -74 96 -81 -40 47 -34 -3 84 -34 52 34 -13 87 -57 -64 -43 15 -21 89 -65 -30 17 -47 98 -48 36 13 19 -40 88 56 48 33 -25 -6 35 -7 82 25 48 -65 -94 25 -16 7 58 39 -34 -80 12 -50 -95 15 -41 -13 58 59 53 86 -24 23 32 84 -67 86 -5 -75 -56 -88 49 -90 9 56 -39 -88 76 -44 -13 60
-53 -37 40 -79 -70 -53 -21 4 -20 66 87 -87 36 20 -18 92 -29 -63 -72 6 3 31 31 -18 10 -9 -16 86 62 -54 75 0 -84 -39 -34 24 -60 -31 50 -52 -59 35 21 15 42 -56 -31 71 -21 1 -23 91 -15 20 -1 -74 -61 -3 -74 86 -45 23 -64 -39 57 46 22 69 44 -16 -30 20 41 -60 14 87 -71 -7 36 52
-63 10 -39 96 1 63 -40 15 -93 -37 -7 -58 -47 19 -71 23 -53 -55 -92 10 -44 -72 48 -92 31 56 -14 15 47 73 -83 66 10 100 93 -48 -13 -10 64 74 -46 -32 -75 -53 -3 95 55 6 79 -23 -91 -100 28 -78 -92 46 68 -27 -97 51 -81 -20 17 -38 99 4 36 -43 92 -89 -15 50 -79 65 83 56 -52 -84 -25 62
56 100 5 -64 7 22 -28 -90 92 22 21 -86 -87 45 -99 13 -45 -23 -18 91 24 93 -16 -97 50 -53 99 -23 -88 -27 -57 56 81 -77 -60 -64 51 9 32 -24 64 -18 -90 35 20 65 -50 17 74 -4 64 -11 56 73 73 -53 -22 88 52 -57 50 -78 -71 -96 -44 21 5 27 -32 98 -91 62 26 61 -97 -86 -25 -42 39 39
-32 -64 61 42 63 30 60 -92 3 83 -51 -45 75 -51 47 -91 -2 83 26 43 77 97 86 7 -72 -79 32 -9 44 87 44 -23 -69 -3 -53 66 -22 -80 95 -40 -81 28 -47 72 87 93 -30 -76 45 100 40 -21 49 79 -83 22 -11 44 -69 -27 0 -14 28 -40 -82 79 39 66 34 -26 -9 -31 93 60 -63 -20 34 50 -67 41
-100 15 -26 24 92 33 -59 69 52 72 -83 16 72 39 -75 9 -11 -97 14 64 -74 -68 -54 43 28 61 79 47 51 96 -47 60 54 -5 -61 -61 -97 -2 81 -47 43 41 72 -1 -64 68 76 -5 -48 85 -50 -66 -9 -96 -15 23 -22 67 71 -44 -23 -15 -40 57 59 -94 -27 61 -16 -87 79 -98 -12 95 -19 -85 22 100 -2 62
-32 -23 -40 -79 8 -50 -48 -96 -93 71 60 -72 -5 -30 -54 -56 -32 -56 -62 -11 55 87 51 5 -8 33 46 -34 90 29 100 -14 51 -15 3 38 32 -15 -22 -85 69 40 27 20 -2 42 -23 50 -100 -4 7 93 -56 -40 -78 -74 61 -60 -7 -56 -51 17 -33 -88 -19 -28 -100 75 35 -49 -93 -63 57 46 -82 -88 29 13 17 75
-70 34 91 60 -82 61 36 55 -23 77 -89 -27 -95 78 -94 -69 39 29 99 -20 -19 -9 -61 93 -11 -95 47 -59 74 -70 -78 -11 7 -77 3 -83 -62 37 14 -48 -13 -91 -78 -82 -41 -79 23 -79 6 47 -67 15 84 0 71 -22 46 58 -45 24 -12 51 29 -44 -54 -76 -53 -14 46 60 82 1 -23 -20 -84 16 -48 -51 16 -65
-35 -6 -94 68 -57 -36 -88 -12 90 80 -10 27 48 -3 -62 -56 50 -90 56 67 87 83 94 65 59 -1 -10 -63 64 30 87 34 -58 39 19 4 58 88 44 -20 4 -74 59 -54 15 20 6 -68 75 23 96 51 -83 22 -38 45 -67 -100 54 -6 -2 44 -70 -44 -45 95 93 70 25 -65 57 -12 13 -13 -10 99 11 -96 -91 -13
-44 -25 -49 -78 -68 0 -1 -21 -37 38 -96 -87 13 -15 40 -12 -65 -19 6 -70 77 -94 34 71 -65 76 27 83 72 -40 -82 -56 6 75 -52 -81 85 -1 -43 -53 74 29 23 82 -63 -60 55 -40 -66 46 45 -59 -4 -77 57 21 16 68 20 -63 -67 5 65 77 -53 77 16 6 93 -66 42 88 58 -9 -84 -93 -7 -17 -98 -88
-98 62 -57 -69 -90 -1 69 22 11 21 -22 -100 -31 -16 85 -85 88 -42 -14 51 46 59 52 -86 -46 79 32 -49 63 18 47 97 88 25 -58 -87 61 16 10 75 51 -46 40 -58 -99 -27 7 63 -92 64 80 -28 87 -50 67 52 -34 80 26 53 12 44 13 -95 27 77 13 -36 -25 -26 93 -81 -33 52 18 29 90 -78 2 16
50 76 -53 2 92 44 -25 83 31 57 56 -71 -75 66 -35 -78 38 90 -82 71 67 98 -51 -75 -3 12 -10 21 -20 -76 -67 54 -18 -88 -38 89 24 45 25 -65 -45 -56 -37 -26 18 -14 49 79 -63 39 -2 4 68 -45 -52 44 14 -97 -52 -78 -77 32 -4 21 -93 -21 48 50 46 98 -14 5 -1 40 88 65 -99 -6 5 46
50 -97 -17 23 -40 45 -87 -30 51 41 32 47 17 23 -80 52 53 -12 2 84 -49 -37 -77 -54 -60 4 -70 3 8 -40 -58 -69 94 17 -73 -22 82 34 79 -35 -63 -3 69 -100 22 5 -3 -41 -92 5 -62 -55 -10 -36 -77 1 -53 -82 39 -19 74 -72 -38 -58 17 -25 49 90 70 -89 -43 25 39 -74 84 -51 -55 3 -80 63
100 49 29 -93 -6 -59 46 45 73 27 -34 93 -63 -33 -42 -43 -78 -51 93 83 8 27 58 7 -82 42 -95 -52 -45 31 41 51 -86 -68 -67 -52 -15 -48 -100 -47 -11 24 8 -57 -63 -56 57 9 6 53 -50 -76 -87 -72 87 -82 -45 -31 47 -33 -43 30 -49 95 88 -93 -78 42 22 -25 31 0 -6 87 3 -82 54 31 -6 45
-74 -9 41 -33 -17 -14 -47 24 91 77 20 55 29 9 71 -19 -75 46 -41 18 -79 66 -74 -1 -52 54 -32 -100 13 -84 45 71 -81 65 55 -77 -13 -45 70 87 -9 57 -20 -22 -8 -4 32 -94 45 50 -71 86 55 2 -6 66 21 68 59 85 6 -22 -31 48 -1 6 76 18 32 69 15 74 79 -86 94 82 38 -92 -100 -4
58 -57 -34 -1 65 -77 99 -19 91 94 -74 8 43 21 -71 48 8 -13 79 34 58 -77 -53 9 95 91 34 61 -14 6 73 10 -56 61 74 27 29 -38 81 -99 -49 20 90 19 11 68 12 84 -41 21 40 15 59 50 58 -56 -98 0 91 -43 -55 88 72 -13 67 7 98 -61 3 -71 -6 -82 35 -90 67 -59 15 -75 -68 -59
-97 95 8 -13 -1 53 86 89 -42 1 -39 -68 75 75 25 -34 -45 79 60 -40 29 24 49 -42 -30 43 80 23 -86 -71 -74 18 -56 -39 -49 -62 -74 92 5 65 -12 -97 42 -5 -30 -55 -51 38 -39 9 23 -15 4 20 -52 -22 85 69 -17 53 -21 -83 -11 -97 -95 94 20 -67 -69 -22 19 43 -52 91 -91 75 -60 -73 -83 45
-84 -6 -26 -36 28 84 -78 -49 -38 -49 -28 14 40 -21 2 -51 36 -7 -99 -47 34 -74 84 71 76 -72 -76 85 35 -74 -21 49 -89 -86 13 -36 -82 57 -79 11 85 -94 -14 -50 73 71 -91 96 51 13 11 16 -97 -100 87 64 54 -87 1 -45 -96 -56 -64 -3 82 -59 -79 -40 54 -12 -49 -11 -31 30 65 -81 82 -62 47 16
76 67 -49 1 75 69 7 -11 13 -24 84 -74 -13 48 69 -8 -79 -30 89 77 -4 35 56 -19 -19 -74 -48 4 -76 -75 64 -60 -43 -25 -17 -61 -32 42 -89 -15 51 -18 -74 42 -89 -53 46 -29 -88 -77 97 -33 -19 -29 -31 -26 63 -59 27 97 -7 14 44 54 -43 -70 41 -30 -92 -84 -78 -51 83 64 6 95 -24 76 -25 -71
-84 -43 98 30 -41 42 13 8 9 -45 -27 -79 12 14 -8 27 -36 -24 -96 -77 -94 82 4 -66 67 30 18 93 -14 -46 21 30 -76 -36 -6 -18 1 1 92 -18 -17 -88 62 6 88 89 -100 32 -11 -95 100 -90 77 -6 -9 -72 83 66 5 65 -37 17 -62 7 40 -2 92 42 64 62 -1 47 10 -41 10 61 16 55 40 96
49 -61 -68 -54 -58 79 81 -37 -46 75 42 -95 -4 86 3 -99 -86 -89 -47 -47 -38 36 -32 63 -48 69 -80 82 -58 -86 -3 75 -9 26 28 -38 84 -24 -42 74 -36 62 37 35 37 -65 17 -75 -22 67 -11 17 -96 -37 24 65 -79 64 96 -82 -82 -49 -93 55 -97 13 -11 -10 -38 73 42 12 67 73 71 83 34 45 -52 17
-38 -70 98 -99 -14 39 85 -98 -2 98 -59 75 26 61 0 -49 -81 82 -90 8 -53 15 48 -49 -27 -49 68 -82 -22 -50 -31 35 74 -9 3 -78 -48 83 -74 76 -25 -40 -54 28 98 -38 37 -73 -41 -39 -53 -55 -17 33 -95 41 -98 -71 81 -92 -13 16 57 36 55 69 11 -33 -59 -71 -45 -27 -50 -64 -33 91 31 -70 60 19
59 -23 56 -67 20 21 1 -76 41 -68 57 7 -29 -48 -65 87 -84 -25 35 -43 0 30 -52 -26 -1 -100 -11 23 63 -20 23 76 64 26 79 -62 81 42 50 91 58 75 -22 -8 -81 10 2 57 -7 12 57 -9 -89 54 34 23 -56 -90 -17 -79 -80 -61 9 -77 -36 26 -34 -68 60 -95 -54 -9 23 66 -92 100 -18 30 -56 2
-72 50 75 86 4 55 95 90 -80 -70 62 69 -56 -96 86 21 -76 25 20 -18 51 27 -87 71 -90 53 -77 43 63 44 -17 29 -46 99 -23 -23 -59 -29 -95 -8 -67 -65 34 17 67 44 63 13 -82 21 54 -12 5 -88 -7 -44 9 -51 61 77 78 36 -41 30 -98 41 -19 25 -66 37 -40 11 -32 -21 38 -25 41 75 75 -56
43 -19 16 56 -14 -20 -9 20 -62 -96 8 41 28 87 9 71 -90 -95 -40 60 29 -89 79 84 98 85 98 -4 59 -97 -90 52 -37 67 -17 -79 -23 93 -83 -94 4 -7 -94 14 61 -43 -43 -29 66 -68 -98 -23 -3 42 98 63 -41 69 51 -9 -33 23 47 -37 16 -11 17 63 99 -21 56 -29 -9 -11 -29 -67 95 61 81 -39
97 30 -30 5 -97 -88 -54 -25 31 68 31 51 -32 -63 7 -17 -38 34 -42 64 65 1 -55 40 -17 -36 -2 -69 -31 -36 -70 52 70 34 54 -31 -31 -77 -72 76 -55 -3 -16 99 48 73 70 -83 20 27 -75 -52 -80 36 -9 -36 -82 57 65 -57 -51 79 85 -57 -79 81 -46 -26 24 94 -62 -41 -54 -95 56 -47 31 38 -39 -90
22 52 69 -53 -24 10 -75 81 41 45 -92 -65 50 -6 -98 -36 -92 -41 45 0 96 -99 -22 -37 50 -86 -30 45 -69 -85 0 -98 -20 23 -60 -20 -78 -39 -29 31 84 -27 91 -28 -82 -80 47 24 97 74 -88 -85 -50 -12 98 -86 -48 -21 -61 -44 14 0 -47 -16 -3 48 34 30 -44 88 -31 -33 -84 13 97 58 -56 -12 -78 47
-89 0 -8 -30 30 -56 70 -42 -28 -12 1 -21 -25 -1 -43 94 85 -2 44 32 -2 73 -94 -74 -30 94 59 83 -57 -93 51 13 -9 -23 90 -68 28 82 73 44 -16 -39 80 -76 65 85 25 73 -4 -25 -77 31 -11 -19 16 72 23 0 65 49 -84 -66 16 -64 100 24 67 57 -10 46 78 -48 -15 -82 -79 -6 43 -58 -67 -62
56 59 56 -22 46 26 -64 27 -33 47 -27 37 -44 -69 32 -90 -60 -11 -77 -99 -67 -93 -55 -9 -65 62 89 -25 93 -21 63 -58 100 -57 -40 -46 65 -58 7 2 7 96 45 6 72 -72 -26 43 78 -76 28 -44 -30 -35 2 62 -42 76 -1 3 55 -99 69 0 -2 22 -7 0 -99 -16 11 -68 59 52 45 39 -72 56 48 43
-68 43 -59 55 81 -5 -5 6 -93 2 -34 -20 -46 -26 41 71 89 1 18 -53 97 -93 -56 -63 68 14 17 6 98 91 -93 12 32 83 30 75 -60 -27 -27 92 99 -92 -79 -57 78 96 2 61 17 -71 10 -13 -21 -38 -7 49 -60 -9 24 -79 85 77 66 -88 -23 -4 -75 -63 12 -4 -73 96 11 -15 100 29 53 51 93 -97
2 44 -66 75 67 0 36 -64 51 18 -81 -68 15 34 -19 -16 4 0 -66 -26 58 -86 -41 72 49 -34 -78 31 25 -22 -70 -31 6 -12 -8 51 -56 -50 0 66 -58 85 53 -87 -66 69 -96 -5 -66 95 -25 -89 -25 -60 2 -77 -44 34 86 -97 4 -53 65 7 -67 95 -77 3 -93 15 77 87 -55 -38 0 -30 3 44 -19 74
-26 44 -37 -32 54 90 54 86 -99 -38 -37 -50 -70 66 -61 -76 -80 60 -35 -9 54 84 -92 32 27 -25 -63 55 -79 -6 -100 91 -84 -15 -96 75 -91 71 -19 49 55 -71 98 25 34 71 59 -56 -96 25 -97 82 -37 -77 -84 5 55 -9 32 29 73 11 -83 8 -90 -77 -83 0 23 99 78 80 10 -64 -20 12 62 4 52 -85
-21 61 21 96 87 30 -49 -51 47 -13 17 -3 -2 -63 82 -28 -25 40 -62 -41 14 29 48 39 10 -93 -21 -37 45 54 -97 45 -69 -68 -76 -77 12 66 37 -92 27 100 -59 -20 -95 63 -9 -87 -37 -34 -77 -38 54 71 30 87 -85 76 97 -32 -51 -20 -74 84 -86 41 81 51 12 -24 -6 9 31 -67 51 85 63 -89 -69 4
-50 -5 -56 -10 12 -3 5 -66 -81 79 29 -21 51 40 52 81 92 -96 -29 -70 33 76 49 -91 -90 -56 -39 -15 -98 26 -42 61 53 -72 41 57 -33 -20 -67 16 -43 82 71 91 23 20 -84 73 82 40 -57 -29 28 39 17 -71 11 -86 76 15 88 5 -62 -97 22 -95 72 19 -80 -86 4 -78 -41 -100 35 17 85 -34 67 -93
66 84 76 36 -72 -89 29 77 -60 78 -1 17 -38 -79 -69 25 47 82 97 -48 -42 7 47 19 45 63 39 -89 77 -65 37 20 21 -69 -33 -33 81 37 -49 64 5 80 79 -85 -40 -3 -59 67 72 13 -66 0 93 19 7 100 51 94 -49 -40 56 25 -15 36 44 -18 9 -11 -8 58 99 0 79 8 -83 -52 -7 21 100 96
85 67 3 73 69 100 56 -56 -93 44 22 3 32 63 85 4 93 96 65 -89 74 -33 46 -39 6 6 27 -51 -43 -1 29 -11 57 -40 21 -8 36 -63 -35 38 84 -91 -67 76 52 70 31 -9 83 34 59 68 -51 27 -61 -47 9 -85 36 75 -4 -72 -20 -64 -46 20 76 78 -17 72 -52 74 -87 -100 18 16 -4 -61 -20 -40
-92 -46 92 97 -49 71 20 67 15 45 -89 68 49 34 57 66 65 -86 83 -73 -78 -8 42 -94 43 23 52 -62 71 -87 -91 -63 62 -70 -50 -85 30 85 8 92 -57 -6 -41 65 13 43 67 -66 29 20 85 67 -99 11 67 -35 -72 -94 -57 59 89 32 -3 -78 34 -75 -54 -68 12 6 39 71 1 -20 -30 -8 -5 14 -22 96
66 -19 8 -79 -80 -84 -44 11 56 84 -48 -6 -20 -38 -92 -40 -97 -10 2 -59 -64 94 -31 -82 -57 78 20 15 68 -99 98 -92 -42 -16 100 6 -47 63 -47 -32 -25 -49 -25 -3 22 85 80 5 -30 0 9 79 12 -57 14 -19 29 17 51 2 -79 91 -69 -6 71 -42 83 -38 78 -42 -43 -57 71 96 -50 7 22 100 26 29
-22 41 -22 -66 -21 35 40 -75 37 -60 77 90 -81 -3 44 -82 10 88 -24 78 -78 88 13 -15 9 20 74 -11 2 -56 -75 -47 -41 -78 7 44 8 78 -17 -2 -49 -32 50 78 -75 10 95 47 2 -46 29 -1 -83 -22 45 -68 -93 61 -51 31 96 63 -92 -98 88 -86 37 38 -24 -65 91 53 67 -66 27 -41 45 -35 56 77
22 74 38 55 -13 -40 94 -68 -73 50 -40 26 -46 33 81 -7 28 -69 -25 -75 39 -61 -63 -4 51 -21 63 -61 59 -90 30 -50 10 -27 -91 -33 -62 9 -45 -6 71 72 -50 58 43 35 -17 26 -61 39 45 -36 76 0 22 -12 46 -97 29 -87 -69 75 81 93 59 -18 -52 88 -92 47 73 67 -38 -90 -95 21 53 -24 44 -8
10 -99 -54 -49 -18 86 84 48 -43 -83 -57 98 84 22 13 -37 18 -71 84 -95 -22 -22 -70 -18 -77 -6 -44 41 12 -72 31 -79 60 -93 95 -29 -91 -29 85 45 -45 -25 42 -22 13 45 66 -25 -91 58 75 43 93 -84 -93 -37 93 4 33 22 -43 -53 4 97 57 -25 64 24 72 -6 16 10 23 22 14 66 62 84 20 -41
-69 -96 23 -64 69 -76 -51 -58 -98 -95 -25 -2 3 100 -2 -71 -62 -10 97 -97 -79 92 -65 -64 93 -32 2 -1 90 -83 -23 20 74 -95 -56 89 -41 -70 73 2 45 82 83 -6 16 -38 -88 -5 9 77 8 -12 73 -93 -93 64 23 -80 -40 -46 17 20 16 -40 70 -37 -38 -55 52 -20 -87 -71 10 92 -57 26 -38 12 -77 -34
30 -22 84 -68 47 -92 -13 23 65 6 -66 -85 42 -66 83 21 25 -53 37 43 -30 17 30 -46 9 95 65 89 48 74 84 66 -99 -16 -61 83 -80 24 75 59 97 64 -94 14 58 12 24 43 26 86 6 -9 11 -61 84 -19 25 -17 -98 93 -16 61 -4 31 81 42 -81 -8 -81 19 -100 -35 -52 21 77 -73 76 87 -52 -94
-31 10 -91 -78 -9 44 29 -21 59 31 -63 10 97 39 -92 -28 -78 34 16 90 75 -54 -33 8 -94 -33 -65 -59 25 93 -65 72 -95 -10 -22 -45 -76 90 57 17 58 5 6 -93 77 12 -94 24 12 -34 65 32 30 -12 35 -84 -31 35 33 -10 0 -90 78 36 14 65 100 -79 -72 39 -98 65 -23 17 79 -11 -81 -82 64 -63
93 -11 57 33 9 69 28 -68 -6 -80 -18 -52 18 29 -13 -91 46 -31 27 82 -16 40 -88 33 90 -22 84 71 -49 61 -9 71 -54 -27 -38 4 -1 100 -88 29 95 -44 57 85 -14 58 -68 -73 76 -51 -10 -99 -78 -10 -27 -88 -34 -66 -2 -25 -13 67 43 -42 -92 -95 98 -27 -66 -89 32 -10 77 9 39 -52 -33 89 63 -98
41 -53 36 21 2 -57 84 30 -91 -90 -28 -16 -91 72 87 53 35 -65 -91 -30 -51 -89 25 48 -13 1 -96 -1 -33 -8 76 -37 29 8 42 -28 -58 51 -76 -75 -63 -94 -61 52 -44 -1 -19 -9 34 38 -68 7 -60 -93 66 7 -54 -34 -89 69 76 -45 4 67 76 44 -37 -40 -100 -79 -77 -57 0 76 2 65 -8 19 -48 -99
-48 -15 4 4 36 100 27 33 16 -43 6 -50 1 -50 37 13 80 -47 100 26 -55 -21 65 -85 -32 24 -53 53 96 -54 -77 -11 -59 2 91 -81 -28 23 66 0 74 -55 32 -96 -47 -54 61 65 -92 28 100 83 48 42 -52 84 -87 -7 -46 86 -33 85 26 0 -50 12 11 79 92 -41 48 86 27 -33 29 -57 42 -32 -42 -21
-2 65 -53 -6 -43 -83 54 -11 -44 25 65 35 46 43 61 27 -17 -48 -17 -8 -71 -61 27 41 -3 -95 22 66 96 33 -70 38 50 4 -7 -19 -82 47 -79 -33 68 -34 -47 -18 88 -63 77 -60 79 51 -78 94 32 71 67 -17 -36 -95 -66 -92 20 33 -2 -44 -66 31 -76 -36 88 -86 -80 -66 15 -95 -69 99 -9 -59 -42 46
-68 99 18 25 50 -29 11 60 -5 11 13 -86 76 -31 40 -63 -59 -83 -3 -58 -68 35 40 -100 -41 -82 96 -9 -12 -50 -99 82 -12 -84 43 -70 -88 10 -25 78 -59 -100 -24 34 -91 11 -24 53 81 44 37 -52 -30 -22 -30 27 38 -93 -22 -77 -56 -13 -94 99 72 -35 67 72 45 -14 -44 -27 44 -76 -24 46 58 54 -45 11
-46 -79 1 43 45 -69 31 -61 -91 37 -41 24 94 60 -73 92 24 -55 -6 20 -87 23 -40 -14 61 53 -82 26 28 10 -78 -91 -25 40 10 -92 -12 -49 -73 45 -26 2 -6 82 26 -58 79 -31 -58 -16 99 -64 83 68 57 -87 36 48 -99 -96 65 74 -31 19 -94 48 -21 -76 -8 -59 57 80 -22 -37 52 37 -46 55 -58 65
15 83 -21 15 77 47 -31 41 -35 18 66 -25 -17 7 29 -42 -17 20 -67 42 67 18 -81 49 -42 -27 -40 -51 11 4 -12 -15 91 -87 58 17 51 14 -1 -34 -61 -1 -62 77 -53 14 100 38 -56 62 -94 59 32 -3 11 28 13 34 85 -22 18 -60 -8 12 -30 58 -53 -36 45 -27 37 92 -52 40 -43 47 -49 -5 -84 16
-57 -64 -55 47 -46 -20 -17 90 -39 -35 1 -92 -25 71 42 -44 28 -10 46 -61 62 65 -17 89 -35 -49 -29 -73 -56 74 -44 94 -37 48 88 69 31 -89 15 83 37 83 94 70 41 -96 87 33 0 39 43 -46 -80 -68 73 91 -9 -31 68 19 -48 -77 50 100 60 -11 -11 -25 53 5 52 38 -27 59 33 46 -75 95 86 -38
23 87 -12 -92 26 44 -56 23 -57 -95 95 -28 85 76 -39 59 -55 -18 53 59 0 96 -84 54 77 11 37 2 7 36 11 -100 37 -49 50 11 -83 13 -14 -23 -71 74 69 55 -90 -75 71 -50 3 32 69 -97 50 -47 -14 100 20 46 -43 -95 40 49 -32 -69 -1 98 -61 -21 -92 -33 0 -12 33 20 27 -4 84 -80 69 28
-1 28 12 -11 -57 94 -52 96 -83 25 -2 -98 -98 97 67 16 59 -67 28 -75 12 27 -97 10 -87 24 -64 47 -51 61 -17 -2 -22 73 -54 -62 -27 -17 -9 91 -65 -8 -3 41 63 -87 -72 -7 -61 -71 46 79 33 55 -64 -58 79 19 81 9 78 -92 -26 29 -98 5 -74 -91 -23 -63 -78 -12 -23 -19 -1 47 -80 -94 -93 78
62 -98 -67 -29 -23 24 -56 86 -38 -91 49 -100 50 81 90 -75 -18 -35 -9 24 -33 9 -100 22 -35 -49 -81 -73 -40 -6 70 40 -96 -26 -10 -5 -55 21 -43 -45 -82 48 -57 -17 -33 31 84 -62 -59 98 -79 81 -77 -85 -39 7 68 -54 70 -54 -74 -95 -3 -82 -44 60 1 35 42 65 90 80 53 -78 43 27 -26 -13 -75 71
44 -27 -45 -13 -23 58 78 -87 33 -24 13 -26 27 -55 13 62 -92 -59 -51 -27 -90 90 -22 -64 22 10 -35 -83 -24 16 41 -44 98 92 6 52 14 -55 -51 100 33 -9 63 87 74 -34 -90 54 92 -87 -52 3 91 -67 42 -40 -54 17 8 73 -97 73 -61 -84 -94 -60 -74 -9 -17 95 -27 -5 -2 11 -1 56 -38 24 -88 73
-55 -78 -59 75 73 35 9 22 42 -60 10 -90 -35 83 -49 79 35 -48 5 -6 48 17 -82 8 -14 -71 -73 -24 -17 -62 -71 -94 -76 17 -68 -18 27 -86 26 15 92 -67 52 -22 -31 27 -28 72 81 -88 31 -61 -82 6 -31 55 26 -71 -25 54 9 -81 -58 -74 56 77 -99 61 100 40 86 61 47 -13 -37 -76 5 29 -65 -84
-92 96 98 -78 -65 12 81 45 -19 -31 83 54 18 -69 76 38 77 49 74 90 78 81 96 27 69 86 -53 -3 -14 52 -85 -23 41 84 -18 82 15 -37 57 22 -46 -84 96 74 -52 -44 -5 51 89 2 61 61 8 -4 14 9 86 52 -100 -46 2 2 88 -99 -27 71 39 78 -48 -78 100 -87 -62 2 -65 21 -22 -42 72 -50
74 -36 66 9 -26 3 -83 -38 15 45 -73 -42 -52 90 29 19 63 35 -83 -69 21 -82 3 -27 -34 -99 27 -48 -89 -15 -43 -2 18 28 -60 81 26 -64 -28 81 72 -85 -58 3 -36 73 10 83 1 -3 -21 44 -30 37 -77 1 -41 13 -2 39 12 -5 -70 1 -49 100 -18 -12 -76 39 -7 13 -81 39 58 82 -79 -57 -28 -94
-45 -28 -75 -80 -99 84 22 -76 48 31 -12 -67 -54 -43 -47 66 48 41 86 -29 -19 69 10 10 2 80 -56 98 76 55 77 18 -71 -62 -94 92 86 77 99 73 -48 35 -86 -2 -38 -26 3 45 45 14 -99 -78 91 6 -11 22 5 -21 -13 52 -88 -26 57 -69 66 -2 -52 17 98 62 75 -81 62 84 38 -75 46 57 -8 6
58 87 94 -46 64 24 -81 -65 -2 91 -65 80 68 37 66 -77 69 -58 67 26 52 93 -73 40 -51 -25 71 2 57 -53 53 52 -80 6 76 -55 -68 -19 42 21 96 46 -20 -14 -37 52 -5 -100 95 20 16 54 76 57 94 -98 -24 0 42 45 52 25 -54 -45 -57 -78 -4 90 -92 -69 -42 -73 -45 87 -5 99 -89 -96 48 -30
-46 32 -44 -21 3 -67 -42 -87 10 -32 -46 31 50 -62 57 70 51 -14 -82 -96 -41 -57 -16 68 66 56 59 -98 72 65 -72 95 20 16 65 32 40 69 34 -19 -35 -2 -68 -59 80 83 -5 -98 -42 -91 31 30 73 -1 -46 16 -92 36 -55 -76 40 63 -72 -67 -12 -94 -29 86 -57 75 -3 92 -68 4 37 -40 -16 21 50 26
33 33 -92 56 0 52 -25 20 83 -62 -98 58 62 85 14 59 -20 -3 53 77 -54 -48 77 13 63 2 -69 -42 -73 58 28 94 48 22 -72 67 -36 33 -10 56 73 46 54 -96 26 -87 -8 35 -82 -3 -68 88 42 -90 6 23 27 -90 -97 -45 75 -80 95 -70 26 -42 16 -12 3 25 12 -8 2 -44 100 -17 -12 100 -21 40
-22 30 -46 -93 26 -73 66 0 35 -10 -33 63 50 -23 42 -18 -37 13 59 83 -49 -82 2 27 61 -37 47 -80 74 58 -17 33 74 41 -53 49 -73 14 1 67 13 2 -39 -88 -48 -38 67 21 96 7 -36 51 -54 21 -75 53 -88 4 -39 -13 -57 -16 100 -11 93 -85 67 -99 34 81 -36 -3 -56 51 -82 53 -1 -9 -7 14
19 -70 65 60 18 -36 -97 22 17 36 -55 -86 -35 80 -54 -27 98 -41 36 88 71 16 -8 -74 -71 72 82 19 94 73 67 98 -6 31 -88 -47 -79 -60 -60 50 84 62 79 -57 -54 51 -22 -95 -75 -4 -89 71 93 -70 -59 -6 -18 74 96 63 -82 39 41 99 -63 62 58 -1 -15 -83 86 -56 -75 -44 14 -47 -40 24 80 35
58 -10 -49 55 -97 74 -25 -34 -33 95 -43 -52 -6 -95 -48 -49 33 72 -15 33 96 61 39 -14 -50 -11 -45 26 -39 -57 -22 -64 -58 -92 -46 96 66 -57 13 -18 100 40 -2 -40 -23 19 5 -25 78 -9 -71 -28 63 0 -48 -32 42 -96 -85 48 -6 23 -40 97 -48 -81 -97 91 54 29 -81 -15 35 -75 -4 -99 -22 -88 0 -67
-35 70 70 6 -34 -47 -27 -44 21 38 79 -9 82 49 -96 -48 77 -27 37 -7 -55 -10 47 -25 77 24 -50 22 60 -85 71 58 50 -82 91 -3 27 58 -50 -8 14 -11 24 -31 37 28 -96 -92 -28 34 -60 96 -3 -37 -15 -65 -82 -95 28 99 -1 -97 6 2 -29 86 11 -53 87 39 87 97 76 49 -10 -45 -28 54 -76 -10
-13 -29 78 -52 -51 -90 -53 9 -78 34 4 47 -42 -29 -34 9 -70 -21 -2 -5 47 -60 87 -71 -14 -66 73 -33 55 42 28 31 10 27 -33 -59 -21 -24 -79 -95 -86 39 -25 6 62 85 -91 -9 -45 37 89 -37 31 -45 18 -26 -41 -71 22 -32 77 -47 -9 -68 -75 -77 -72 43 -41 -55 38 0 -36 1 -100 95 -54 79 -29 58
-51 -86 33 36 77 91 -98 34 -69 62 16 -73 19 -58 -9 44 7 23 85 -11 51 -65 -97 -70 14 22 -93 -53 33 7 -56 80 23 92 92 -83 -3 85 -29 -79 -100 -20 -25 -52 84 -5 -44 75 100 -16 -1 -63 23 18 32 0 54 17 -73 -37 39 6 87 44 78 -95 -76 -68 23 -97 79 -68 87 -99 17 -48 20 2 -6 -98
-26 14 -80 8 -94 -94 2 -49 -45 -13 -14 -11 14 -76 2 -41 -5 47 98 75 87 -62 56 -71 -94 98 3 59 -72 -69 20 31 5 -72 -63 -64 51 -59 -26 47 -35 74 63 3 26 63 -11 95 -93 -59 -73 12 75 65 62 -74 58 -91 17 -12 -67 -73 13 -80 -89 -99 -92 36 46 -42 50 -35 40 0 -42 13 -32 69 -74 81
-73 -87 99 -22 -36 22 -93 -6 50 25 29 74 -54 -100 -79 68 18 -20 -28 -64 96 17 94 99 20 -74 74 22 74 60 -56 70 92 -41 1 -84 88 64 11 11 -57 -92 -23 55 45 12 39 80 71 65 10 99 -84 -87 -33 5 60 56 86 9 60 -87 -47 93 54 -21 -42 -16 75 93 -82 -55 12 -99 -58 -11 -86 -1 75 15
-68 -11 -34 -77 6 58 18 10 84 2 -98 -25 64 -26 58 67 76 89 74 64 53 84 49 -47 -57 41 -84 -50 -15 -94 39 -77 38 -62 -8 56 -96 -23 -63 -98 8 -22 52 55 88 -38 61 20 6 26 -58 6 -63 -50 -87 5 48 73 -77 -68 -67 19 53 -99 10 18 57 -44 -97 -26 -22 -99 34 48 9 -11 -49 44 -7 26
-69 6 94 24 46 6 92 34 -32 63 17 -91 79 -32 -61 -42 100 -42 96 57 14 -22 29 -93 30 -45 -71 -78 -90 24 -62 -48 -82 -52 -5 -85 68 -55 -70 2 51 -97 -75 -88 -38 -54 57 -88 19 -67 53 -36 -87 -17 -8 94 22 86 -28 -43 -8 -6 37 6 57 58 -84 -55 26 -63 -47 85 -61 -40 -10 14 92 -69 -7 -66
-14 -66 -32 -37 27 4 -53 67 -78 79 85 49 -70 100 45 23 -69 5 34 77 2 25 65 -93 -66 44 -72 -35 63 46 -88 -2 -82 81 -41 -100 13 -60 -46 8 20 -84 96 92 -23 -94 100 7 -31 -54 44 -44 28 24 86 8 52 24 -57 15 -86 54 80 55 67 -90 26 -28 70 -79 39 90 -82 31 -9 -19 -59 34 88 0
86 89 31 73 -24 36 -68 -78 33 -15 57 40 -17 -5 -14 45 17 99 -85 -28 0 13 -24 11 49 -23 1 -5 -49 -84 79 -37 34 38 -70 90 -77 -76 -63 52 61 57 -67 48 74 -86 10 -92 -35 8 38 90 -98 -61 26 94 43 24 -79 44 31 -14 54 -97 -40 77 19 63 -33 6 21 15 -69 -44 38 -96 -64 5 -16 -34
-51 78 35 78 88 -10 -45 -77 30 -38 -13 9 -35 -82 -92 98 56 52 -38 83 3 -47 34 -24 -72 76 54 -69 -67 22 37 -11 -27 45 76 69 56 -98 40 50 -88 -2 22 46 -4 -51 57 95 -27 -76 -63 30 -15 -54 17 -98 69 93 17 -22 -43 -62 17 52 93 95 -59 43 -53 -42 -79 6 29 12 74 4 68 83 98 -56
-42 29 95 -77 -19 43 -38 47 29 -6 38 4 3 -59 26 65 -98 -58 91 88 -4 61 -5 -76 96 26 -24 7 16 -92 -23 -99 -85 -79 -91 -7 -15 -72 99 48 -16 -72 -74 -1 26 1 -28 100 -80 -48 66 -63 -42 36 59 6 -35 -24 89 66 -1 -15 3 -31 91 47 -16 1 -45 -30 23 93 -30 19 3 62 91 -18 -27 -83
-98 -42 -46 32 55 93 -74 -54 -57 43 36 -55 -64 90 27 -71 1 72 -91 42 -90 35 12 48 -34 63 -27 82 37 -71 17 69 -45 -50 50 -67 59 -51 52 83 75 61 -83 82 39 43 52 -79 79 -79 -93 29 -2 -9 -78 70 -60 68 7 38 22 60 58 11 27 -47 53 -2 83 -71 100 41 -25 -63 -91 -61 -69 68 28 15
-57 -86 -76 14 -81 -67 -35 -70 -68 -86 -60 95 -78 79 -34 -52 71 -92 88 -46 13 -81 45 -11 20 82 37 49 39 -28 -22 -67 -60 -69 -99 37 -15 -50 -15 78 75 -35 67 49 -5 -87 -12 -93 -61 10 75 -81 -81 -44 85 -9 -85 53 -86 -25 -20 78 1 -54 -7 6 86 -57 52 92 73 50 56 -72 -15 -74 -32 66 -55 -40
-63 83 -19 67 -99 79 92 50 49 73 23 59 -93 65 68 -79 -55 94 -60 32 -15 -88 -69 -91 88 7 56 51 46 69 -43 -97 0 28 -81 52 93 85 78 72 6 -47 -75 66 -46 -37 -6 65 -3 -83 -3 3 -81 22 56 -1 -7 40 36 -14 87 32 -74 -50 39 -51 -73 91 49 -100 -100 10 -59 48 2 2 -78 -36 74 -62
-98 29 20 16 51 -13 -88 -76 -86 -33 96 -22 95 98 93 -68 -17 85 -55 29 33 -35 30 85 63 27 59 -5 58 -36 25 -62 -32 78 2 -59 -72 49 -14 -85 -16 -99 -94 -35 45 -51 -28 -48 14 -73 94 58 11 -18 -100 -72 -23 64 -32 -45 86 57 -100 84 -44 73 31 30 74 -37 100 77 -58 62 -96 -70 -65 -81 78 1
85 -54 -48 99 19 -42 54 84 19 -98 -72 -84 -58 54 16 -54 -4 -94 88 68 -74 -14 70 49 -20 -8 -54 80 -93 -85 30 -99 -73 -65 70 -49 -89 98 -14 31 -80 -29 85 90 -43 86 -85 -4 -65 98 78 -69 -65 98 20 65 25 60 30 -81 34 -67 -98 22 -68 -97 18 -16 92 40 39 -25 -64 7 44 -30 3 -70 99 -45
2 92 46 -67 -76 79 -54 29 44 -75 4 8 -13 -60 -29 35 77 27 73 -43 38 21 100 -21 67 -29 -27 78 -47 -79 -69 -17 -44 15 94 -41 -25 -21 20 76 66 93 3 61 -39 20 92 -93 -25 24 53 33 -8 0 99 8 -100 86 -66 59 -93 -21 59 -26 -55 -59 -55 -35 34 24 -89 1 -66 95 64 32 -92 35 91 -84
-23 -80 -80 32 20 -87 -48 8 -86 -95 -99 -62 -36 30 54 -31 76 45 -48 -22 81 40 -40 -8 78 -12 22 8 22 -99 -78 -36 -60 -54 -30 100 -54 -14 -37 36 25 -36 13 84 86 88 82 14 78 58 74 -56 40 -56 -28 74 65 -52 -79 24 15 -55 12 -16 39 77 -3 18 -72 -34 -76 -82 44 -77 39 -43 46 84 -80 -57
25 19 2 -38 -66 22 -30 31 -82 -96 52 -21 -60 92 58 -28 -27 -58 68 -23 -66 -65 -1 11 -26 -48 -27 97 57 -13 22 -17 -68 71 29 1 99 68 -66 -47 -2 -30 51 -84 -14 70 -16 -41 -65 26 -88 -42 -44 40 17 33 -98 -21 -42 29 -40 25 -45 66 -1 -59 -23 -8 89 80 -16 95 9 68 -25 -48 72 -21 -19 58
-22 7 -82 -60 -79 -42 -75 -96 -19 89 75 89 -15 -49 -46 -17 -36 73 -18 -76 -75 1 -21 62 -52 -29 3 -76 -29 13 -49 -89 -72 60 -35 -18 -42 -13 62 -43 34 44 59 -22 92 56 -44 74 86 97 -44 -36 36 71 -89 -84 -42 -87 14 -77 74 -77 68 -40 35 -65 -46 -69 -61 33 40 -31 -58 27 33 -38 89 60 -16 -100
-32 43 -39 46 -78 15 -76 36 1 -5 100 64 56 18 12 -65 -82 63 -35 -61 43 64 -11 -90 27 -13 -12 27 -37 -35 -44 -20 -85 41 -57 -20 71 57 95 -88 -73 -9 53 -61 75 13 -92 -14 -80 64 -13 -73 75 63 -26 81 -64 -77 -49 -69 22 81 -75 82 92 6 46 39 56 -33 -35 20 -5 22 41 46 18 -78 27 -34
71 77 1 55 44 64 -77 76 -36 -50 61 25 -12 -62 -73 -24 -17 65 -70 61 -38 -52 74 26 -7 -72 62 -32 62 -22 12 63 95 47 11 20 85 -13 45 61 -89 10 67 -19 -97 55 80 -47 -15 -42 -51 82 -67 -71 -17 -28 -6 -78 -59 -70 -11 -100 39 75 71 74 -68 -53 -82 -24 100 93 -88 -4 25 55 40 75 -41 -59
-36 50 -29 -83 85 7 53 -97 -86 -5 -5 -63 79 -91 -61 87 -70 -16 93 -13 -75 45 -58 -23 -24 -44 60 100 63 -55 78 -87 28 84 -41 -21 77 -15 -64 70 -41 -23 56 -31 48 -95 -79 -29 51 30 -68 -69 -75 -100 92 -23 -48 -14 30 93 -76 -63 80 -72 1 -47 55 81 17 98 -56 -71 -50 -88 -42 -75 90 -85 81 -63
80 -99 73 69 -48 -46 -31 11 -40 -16 99 42 -54 90 70 19 -41 52 93 63 71 -86 75 39 -8 -79 -74 96 65 -13 1 -67 -32 57 38 -6 -9 11 94 96 89 -98 -30 -42 -67 59 -29 -32 88 9 -84 44 46 21 -76 -55 77 -11 -13 -33 95 -14 26 -33 -57 -67 78 -7 1 79 82 -83 -48 -48 28 64 -88 31 72 99
52 -45 58 91 1 -50 12 -60 5 30 43 18 42 32 57 88 27 2 35 14 41 43 99 -9 -24 -35 -62 10 -73 -8 -23 98 45 59 -25 52 -40 77 -100 36 94 78 45 53 -99 -89 -92 22 85 0 -29 -21 42 45 -79 -75 -96 -87 93 -46 36 -94 78 20 28 -45 -10 -47 73 41 4 -68 -64 -25 35 -34 -56 -28 28 5
-18 98 28 -95 -28 -59 -37 -50 -75 26 62 65 45 -20 -54 -2 49 72 63 41 94 -30 -68 56 46 80 -65 25 96 11 3 71 33 34 -28 94 -95 -44 70 -79 43 72 35 59 76 -100 -15 -77 -19 38 -97 89 -40 -2 -95 76 43 81 84 -96 -77 18 80 -97 56 65 -88 -31 98 31 -31 -39 -64 56 -22 20 67 -24 74 50
88 -45 30 -64 71 -61 56 -54 -24 -62 74 83 43 -96 -61 -5 5 52 5 -2 -39 -59 -9 53 -22 -30 -96 -87 51 -30 82 46 69 -44 -77 -7 -33 80 -32 -50 -58 -83 -74 -96 -91 35 -94 -56 -27 -85 59 -82 46 -61 -72 85 4 -41 -26 -21 -28 -50 -72 -5 -30 -48 -53 75 21 -44 86 21 73 -92 -16 100 -99 39 10 7
-26 43 25 30 81 -49 -37 -85 81 -25 -16 13 60 73 -5 91 94 -18 5 -80 -21 71 -22 80 19 12 -74 -65 76 44 59 -11 -83 18 73 78 -43 -65 -34 -93 62 87 -12 -85 40 -86 34 -55 -32 11 83 -1 -71 -98 30 34 79 -29 72 59 -38 -21 68 -47 -30 33 2 -91 -30 49 43 19 93 -93 -12 -7 -80 91 -45 59
94 -51 65 92 -79 -91 71 54 12 63 -70 -33 74 7 94 46 92 -43 -100 55 50 71 52 65 84 -76 -70 7 -48 -63 -28 -66 73 95 69 -96 0 53 87 34 63 74 -19 -81 -91 -42 -8 -24 92 -78 -79 4 -10 -85 -21 -30 -47 -53 10 76 53 15 -61 68 -22 12 -3 4 20 -72 -27 -19 69 -23 -71 96 -22 -19 -3 16
43 57 -6 100 67 -89 70 -21 -74 -14 -45 -4 -31 -86 19 -19 -85 -24 -63 -4 -49 60 89 60 90 -83 -94 40 46 -41 84 79 -80 23 61 -52 28 84 -43 -14 -51 95 34 -21 -72 -32 -58 86 -7 48 77 -95 -71 87 79 -74 17 41 56 -36 -51 -1 38 46 -52 -54 18 -18 34 79 -52 50 -31 42 -75 79 41 70 -96 -11
-84 97 70 -21 -35 -95 41 77 68 98 32 -24 -95 -26 -60 -22 85 82 -10 -21 37 36 -70 83 28 38 -99 67 -76 -65 2 -70 84 -99 -47 78 5 -49 -1 60 97 42 -98 -20 18 -89 -23 79 51 38 13 10 21 -5 -52 -26 -4 91 -5 -34 95 -47 79 -79 -75 -22 -10 -62 2 52 -88 -66 84 9 41 -20 48 29 -59 47
-61 -7 -21 52 28 -93 -19 73 95 20 47 -70 -74 -7 -80 56 -42 -78 12 61 28 -67 58 -85 42 -49 -91 -59 51 53 -27 85 53 34 -86 97 26 -50 84 -39 100 -60 26 86 -98 -46 -6 -47 88 1 47 82 -93 -59 -87 30 48 -96 -7 -55 45 34 -78 -38 50 54 -88 21 28 -39 43 -28 67 -100 -26 47 -96 -8 -23 66
60 -30 14 -50 -38 -18 -7 74 43 40 -15 90 68 38 -58 -63 -20 -8 4 55 -57 -43 -86 15 96 83 17 55 2 93 53 -92 -39 87 37 70 -27 -10 -23 -60 -20 29 -22 67 52 8 31 -24 72 37 83 5 -92 -12 45 14 54 26 1 -6 51 71 -28 41 52 82 -84 21 78 13 -73 -39 34 79 47 49 -48 35 10 59
41 7 -98 -99 -50 -55 -32 16 -41 100 -35 19 -27 75 -97 -93 60 -39 12 -16 -41 44 -65 3 36 -1 -6 -69 34 -40 88 83 78 100 -96 44 -25 -23 -12 21 -70 -25 -47 5 29 -1 91 -2 70 55 -68 74 12 -5 -15 2 -35 -7 84 75 19 81 -24 54 -42 -7 68 -62 13 -84 33 50 22 60 -11 19 70 18 70 -55
44 66 -54 9 -51 61 87 56 -54 5 -94 -80 -24 -91 80 -47 -59 -90 31 -97 -75 18 46 30 -92 -53 -21 -29 60 33 -8 1 65 -40 84 68 24 80 -6 66 -9 -10 32 52 -26 -54 -65 51 -7 98 57 29 31 -14 -24 69 -10 34 11 -53 -52 -67 44 4 -19 -30 -32 48 53 -34 21 -56 -8 59 -65 91 33 -9 -55 -23
-34 -96 -95 2 80 14 99 20 29 -97 -99 -43 29 -82 54 -41 -47 -15 -22 10 83 51 7 12 27 -79 -13 -52 -52 -24 10 -27 19 -34 -97 61 -60 -14 -90 20 -71 78 -58 24 -69 -61 85 -33 -63 9 -29 46 -98 -48 32 28 30 42 15 -33 35 23 80 -12 -46 67 4 90 -27 41 71 -68 -29 27 0 -20 -84 67 -42 100
-83 -85 29 45 -29 97 25 -43 80 96 2 -28 -12 -31 74 57 -79 70 -62 76 -21 -28 -47 -44 -75 -34 26 -79 -16 -8 -76 -43 98 86 29 69 -57 30 -44 -14 -94 -95 44 -63 -6 -28 45 63 -58 -2 -33 4 -16 88 -2 -49 -35 17 80 -76 -73 77 78 10 35 -24 94 -76 78 75 30 26 -83 40 -34 -66 76 -68 -22 -27
48 -3 4 96 -51 93 -12 82 -74 -80 82 -62 5 -38 39 -40 -36 -28 92 77 -53 41 20 -18 56 -46 -62 -20 -57 72 67 64 -20 -30 36 97 73 55 -62 -13 -14 87 47 -94 -75 -80 78 79 -10 11 79 21 -45 -47 -54 -81 37 -96 94 -52 65 98 -29 -12 39 -95 39 -63 51 60 -93 -93 75 82 2 32 1 -6 56 53
-56 0 7 34 61 -67 91 -75 -72 -84 -46 -81 -80 -9 -56 83 89 -12 21 -18 72 -49 -99 3 44 -72 -25 70 50 -1 -47 -20 -36 58 -47 10 -30 -18 -82 43 -32 -44 65 5 74 9 -18 69 -87 -71 -74 45 7 -23 58 -74 7 52 -82 38 -97 2 -55 31 42 -36 3 -5 -44 -34 96 56 -71 43 100 18 -93 -3 31 -58
71 25 49 19 -70 83 89 -15 -68 -45 86 89 93 89 73 -91 -90 77 8 45 -39 10 70 -67 -12 -66 27 -75 -83 -43 -70 -33 8 100 -82 24 -95 60 -42 -42 -83 -39 -72 -72 21 24 -8 21 -78 57 -28 -54 41 57 -57 70 11 91 -78 14 65 57 34 -4 69 53 -61 -94 -18 8 -77 61 58 -35 94 -23 9 5 -50 -64
45 92 36 -26 -48 -35 -51 11 92 -22 5 -34 -45 19 -46 -6 -32 -2 11 -59 60 69 1 27 60 10 -74 82 -95 99 -8 -66 55 79 88 13 -26 -31 6 25 -95 37 13 -39 -94 78 -4 -28 34 76 32 -100 16 23 56 65 -10 56 -53 11 -96 -86 18 -34 89 -93 88 -28 85 60 85 -53 23 60 -45 66 -10 -36 -5 -30
74 -54 83 54 -87 -14 21 9 72 -6 13 -54 -100 -4 -92 -24 -100 -94 99 -78 85 29 -1 50 14 -63 -30 62 -60 74 -33 -29 -33 99 16 -2 -92 39 -99 0 -5 -54 91 19 -75 29 16 -31 -87 -34 -36 17 -36 -22 3 34 -50 -44 20 -8 -66 -11 -39 -27 77 31 -13 31 62 81 -19 17 85 -73 75 63 86 -55 -45 -80
-49 -38 49 53 -43 -2 -40 -58 73 -81 49 -79 -89 6 29 24 -26 -67 15 -15 -35 57 -56 -60 -32 -35 -100 58 42 -57 -91 -69 -18 -57 85 -32 84 100 40 -28 -17 -67 -14 39 91 -23 64 99 61 79 82 -55 55 -15 -73 76 -6 -96 -99 37 -90 26 21 -86 -6 67 -11 84 -32 22 89 67 -18 30 43 -35 32 76 5 -31
42 22 59 -22 -75 41 74 58 -100 88 81 -43 -40 -32 -98 70 -55 8 -54 -52 18 42 -31 67 14 -90 34 21 -4 -33 -14 15 17 74 -76 60 26 82 -37 75 -27 60 -100 -70 -66 32 23 -22 77 78 -98 79 -69 -8 -94 28 -46 -84 -28 75 -59 79 -43 -69 -97 66 25 10 86 6 -76 -70 -97 -17 -50 -56 19 11 31 57
-12 47 -6 -34 4 51 99 -68 -56 4 -86 -78 -42 -89 81 92 16 -82 -19 72 -62 19 48 -42 78 -5 -42 -86 -77 -59 -27 68 30 -85 -70 -84 -16 -69 47 66 -83 54 51 47 50 -96 -3 58 44 -73 43 38 -75 -51 75 -30 -17 31 100 -38 -3 85 -22 -94 -11 -67 41 -12 24 56 -35 -75 77 42 58 -17 -99 27 13 -49
55 35 41 -46 -62 -82 -17 -63 -98 -82 -62 -79 -59 -80 88 -89 6 -26 41 33 -43 -4 92 -57 81 -73 29 80 -76 31 63 76 8 -19 74 0 -96 2 71 70 98 -40 100 -2 -26 16 -52 71 -24 38 -48 -12 78 41 41 89 -71 72 -94 27 -69 37 17 -78 41 -61 -5 -38 -45 -8 -40 -13 26 16 -13 -56 48 34 -32 34
4 -81 0 14 -75 27 76 13 -4 50 -50 93 -54 81 -2 46 94 16 16 -81 -8 -18 -9 -52 -49 -78 -12 -48 28 2 1 31 -97 76 -12 -57 58 -2 39 58 13 -44 52 17 -49 -1 18 -62 11 48 -34 -36 -63 65 88 57 -43 -46 15 78 24 -84 15 49 97 12 38 -6 74 92 -74 28 -49 81 -85 43 -11 -19 36 -7
36 -81 49 -66 -8 -76 -22 60 -92 11 45 26 -3 -70 -81 -78 34 -81 -94 -61 -81 20 93 -29 52 -96 -16 -3 2 64 87 -61 4 43 -88 80 -85 100 14 -12 -40 45 -84 -21 -32 49 -84 -92 7 -5 -66 11 -24 11 14 -36 -48 68 29 80 -47 96 -24 -78 75 -89 -52 -74 -9 59 -14 -61 62 -46 87 -75 41 35 -5 55
-65 -31 -91 -67 9 37 -83 32 -74 -17 92 88 -66 -78 39 -37 72 -99 -79 83 98 82 -11 73 -97 -6 48 89 45 -100 6 -42 -55 -82 47 -97 3 -73 -14 -95 -61 85 -90 49 -70 33 -16 87 22 12 -54 26 -37 -60 -27 -60 34 70 -93 -29 -80 -94 -92 97 -47 32 -96 4 -53 40 17 -28 50 -71 32 75 46 50 28 -24
-18 -89 60 12 26 95 -44 -12 -65 -98 82 -13 -27 47 -3 -84 -35 37 26 80 -89 95 71 -62 -24 61 -11 79 3 93 -80 -44 71 7 -75 -91 -77 -20 51 -8 -37 -17 -93 18 50 -77 60 -72 -26 -69 -18 87 3 -85 93 -13 61 73 87 74 45 23 32 74 -91 -21 32 -94 -32 90 3 -89 59 -40 -96 -57 11 9 -11 -57
-89 -34 77 -29 -40 12 -93 34 -62 78 -11 -84 16 76 -93 -60 92 -21 57 59 -44 35 -62 59 -30 -39 27 -25 42 83 28 -28 -2 38 0 51 -78 -75 15 -13 12 86 -71 50 -31 70 -65 51 -55 23 55 38 43 36 66 -42 11 -16 -13 -29 -26 -59 74 55 -67 -49 -56 70 -96 25 79 47 -6 -46 9 39 -67 83 6 26
-9 4 97 -69 -30 -53 68 8 -100 98 -56 -2 -54 6 -92 -46 37 84 -43 -35 11 97 64 -10 -18 58 -70 -38 -9 4 -36 -43 -24 27 -28 65 -10 46 -69 8 -30 -73 -92 30 -79 -61 -6 -98 75 22 -6 51 -47 -43 17 -5 -67 -14 -98 -14 -60 -20 0 93 94 89 -77 96 35 59 4 -71 70 -29 -79 38 -56 -57 86 56
-21 -32 76 -49 57 -90 51 86 -85 15 42 70 56 83 48 29 -50 -52 -97 -73 -13 64 -4 42 -92 55 28 -22 59 -78 -9 -40 36 -38 52 52 -48 -12 -51 89 -9 33 -8 -37 -16 -20 -90 33 -88 33 -72 -77 -46 35 65 -78 -84 -79 48 69 1 17 50 -56 66 80 -63 91 -25 51 38 -3 -29 -64 33 -22 14 51 -80 12
-81 -64 100 -85 -74 -6 -11 -53 33 39 54 -50 -85 -14 18 -83 -46 -16 90 -44 95 -11 93 -88 -92 3 66 -43 28 34 -44 -5 -91 -25 32 73 -47 46 -64 77 43 81 18 44 64 -79 -3 -100 42 -13 -79 -8 -12 -12 42 -21 76 -92 -38 38 -93 -21 73 7 -13 59 34 92 -86 72 -8 73 -96 -38 74 -42 -7 -91 -6 14
-87 64 -44 -62 -82 12 55 -54 63 -43 -48 -74 -84 47 76 -9 49 89 -54 33 -99 -26 -31 -75 -52 -54 -27 94 -73 5 -23 -100 -26 80 16 -29 -54 2 -1 76 -25 21 89 85 -53 -10 -91 33 39 -72 -1 22 63 90 69 46 80 -46 92 -6 100 -68 -11 -8 57 30 21 22 47 -77 -25 55 53 39 -11 13 65 85 39 -63
23 -5 11 42 -56 -2 -67 -27 -80 27 19 31 71 -39 -10 -69 27 -9 -76 78 -31 85 72 -64 47 -70 -29 98 39 -77 -13 -98 -94 -62 4 34 13 -43 94 -26 11 -68 20 -79 60 70 36 29 66 45 70 93 83 100 -43 38 97 -37 -50 7 75 -16 90 -41 -37 -39 53 -1 87 -9 95 -42 97 67 63 80 8 -31 31 6
86 -5 93 -97 59 -96 -32 47 -68 11 -68 18 99 80 89 -16 17 81 -7 60 -82 76 66 -62 81 62 13 -67 58 -74 -95 97 32 -78 65 78 34 95 -90 90 75 27 63 -27 -19 88 -80 -97 -59 -65 -85 41 69 -30 -15 -31 91 -6 71 -48 67 -81 -74 -39 84 92 55 43 -81 75 43 77 30 49 -60 -10 -96 26 91 39
68 -38 -65 88 -29 -47 -69 45 81 78 18 64 52 84 46 -55 -22 64 38 -46 -16 -93 -30 -68 -93 11 -61 28 63 64 -5 3 -40 -49 18 -25 -78 -3 -46 75 -49 23 19 29 4 26 75 29 -64 85 -1 6 -58 -61 -100 -33 -35 37 -55 100 -41 -99 -13 21 97 15 4 -4 9 17 -75 37 -4 35 77 37 11 -48 100 2
15 38 6 15 48 -57 26 -55 -48 5 -20 -41 -78 43 87 41 -80 12 -62 66 -32 -33 37 -24 -97 -61 -19 65 36 -40 74 -84 94 -59 -44 -29 -87 -84 -100 45 -29 28 -16 81 54 37 27 12 -12 -89 28 63 -24 18 -64 -14 -15 -61 12 64 -11 34 50 58 -43 -87 44 -34 -79 -67 -22 60 -27 -6 68 26 -42 9 -13 -6
18 -8 -59 53 -4 33 -1 13 -86 97 62 23 -63 72 82 70 -90 98 51 67 -52 5 47 -73 -35 -66 68 -54 -32 94 1 -17 37 42 29 -19 53 55 10 50 -76 -5 27 99 18 2 -53 -72 -68 -85 91 -91 22 13 -55 -18 50 38 40 -52 95 -44 -50 -7 -25 -93 13 -10 97 30 -11 -7 90 -59 -16 76 52 -29 62 88
-17 69 -98 -15 62 -2 97 -20 25 69 74 37 90 34 -20 94 29 -11 -38 60 47 46 83 49 -70 -93 -97 86 82 2 -21 93 -15 55 -64 14 54 -83 94 38 11 44 3 -96 -58 -29 -38 81 23 70 84 94 -66 -75 90 -70 -24 -70 -90 4 98 -57 11 -96 -12 -30 69 10 -10 6 29 -10 72 -81 -14 -53 -15 -52 -5 -31
-60 44 -39 -83 -14 91 -61 -35 90 22 -42 67 69 -30 -86 67 4 -66 -100 -64 76 -89 -7 85 -79 -100 39 99 11 12 63 -97 2 30 -22 4 -24 88 -84 -43 -1 -2 97 -68 -6 86 -59 -79 -56 -52 -43 -84 0 7 89 60 32 -57 -21 -74 67 60 60 32 -10 -14 54 -88 37 37 63 -40 51 65 63 17 -13 -84 25 62
